0.000000 -0.686914
0.004883 -0.677148
0.009766 -0.679590
0.014648 -0.682031
0.019531 -0.691797
0.024414 -0.684473
0.029297 -0.684473
0.034180 -0.691797
0.039063 -0.699121
0.043945 -0.696680
0.048828 -0.696680
0.053711 -0.704004
0.058594 -0.711328
0.063477 -0.711328
0.068359 -0.711328
0.073242 -0.718652
0.078125 -0.721094
0.083008 -0.721094
0.087891 -0.721094
0.092773 -0.728418
0.097656 -0.733301
0.102539 -0.733301
0.107422 -0.730859
0.112305 -0.735742
0.117188 -0.740625
0.122070 -0.740625
0.126953 -0.735742
0.131836 -0.740625
0.136719 -0.743066
0.141602 -0.743066
0.146484 -0.738184
0.151367 -0.740625
0.156250 -0.743066
0.161133 -0.745508
0.166016 -0.733301
0.170899 -0.738184
0.175781 -0.738184
0.180664 -0.740625
0.185547 -0.733301
0.190430 -0.733301
0.195313 -0.733301
0.200195 -0.738184
0.205078 -0.728418
0.209961 -0.728418
0.214844 -0.728418
0.219727 -0.733301
0.224609 -0.723535
0.229492 -0.723535
0.234375 -0.725977
0.239258 -0.730859
0.244141 -0.721094
0.249024 -0.721094
0.253906 -0.721094
0.258789 -0.725977
0.263672 -0.718652
0.268555 -0.716211
0.273438 -0.718652
0.278320 -0.721094
0.283203 -0.718652
0.288086 -0.713770
0.292969 -0.718652
0.297852 -0.721094
0.302734 -0.718652
0.307617 -0.713770
0.312500 -0.716211
0.317383 -0.721094
0.322266 -0.718652
0.327149 -0.711328
0.332031 -0.716211
0.336914 -0.718652
0.341797 -0.718652
0.346680 -0.713770
0.351563 -0.716211
0.356445 -0.718652
0.361328 -0.718652
0.366211 -0.711328
0.371094 -0.716211
0.375977 -0.718652
0.380859 -0.721094
0.385742 -0.711328
0.390625 -0.713770
0.395508 -0.716211
0.400391 -0.721094
0.405274 -0.711328
0.410156 -0.716211
0.415039 -0.718652
0.419922 -0.723535
0.424805 -0.713770
0.429688 -0.718652
0.434570 -0.721094
0.439453 -0.728418
0.444336 -0.723535
0.449219 -0.725977
0.454102 -0.733301
0.458984 -0.745508
0.463867 -0.740625
0.468750 -0.747949
0.473633 -0.755273
0.478516 -0.769922
0.483399 -0.769922
0.488281 -0.777246
0.493164 -0.789453
0.498047 -0.801660
0.502930 -0.804102
0.507813 -0.806543
0.512695 -0.816309
0.517578 -0.826074
0.522461 -0.826074
0.527344 -0.823633
0.532227 -0.828516
0.537109 -0.833398
0.541992 -0.833398
0.546875 -0.826074
0.551758 -0.826074
0.556641 -0.826074
0.561523 -0.821191
0.566406 -0.811426
0.571289 -0.808984
0.576172 -0.806543
0.581055 -0.801660
0.585938 -0.787012
0.590820 -0.784570
0.595703 -0.777246
0.600586 -0.772363
0.605469 -0.755273
0.610352 -0.752832
0.615234 -0.745508
0.620117 -0.743066
0.625000 -0.728418
0.629883 -0.723535
0.634766 -0.721094
0.639648 -0.718652
0.644531 -0.706445
0.649414 -0.704004
0.654297 -0.701562
0.659180 -0.701562
0.664063 -0.689355
0.668945 -0.686914
0.673828 -0.686914
0.678711 -0.691797
0.683594 -0.682031
0.688477 -0.682031
0.693359 -0.682031
